{
    "model_id": "82eea1da-23bf-4070-a309-8360ff194682",
    "data_format": "csv",
    "retraining_threshold": 1,
    "exec_grp_id": "0c29aec5-3744-45c0-93d5-eccf0f91b227",
    "dependency_package": "default_dependency_package_group",
    "default_version": {
        "pipeline": {
            "pipeline_id": "b0f26b55-d50f-4b58-9ee7-ba4284e41d85",
            "source": {
                "model_type": "classification",
                "pipeline_template_name": "empty"
            },
            "source_type": "template",
            "pipeline_name": "default key value classifier_base_version",
            "version_id": "33ed37ca-fccd-42e8-97a2-514cf1cbf716"
        },
        "evaluation": {
            "e3c9c1c0-4d7f-4dd1-99d3-c5f3899ebb86": {
                "scores": {
                    "accuracy": 0.8701897733263046,
                    "precision": 0.9219753175099777,
                    "recall": 0.8701897733263046,
                    "f1": 0.8851121104178435
                },
                "model_class": "classification",
                "confusion_metrics": [
                    [
                        5911,
                        633,
                        43,
                        192
                    ],
                    [
                        36,
                        562,
                        0,
                        0
                    ],
                    [
                        60,
                        2,
                        2,
                        5
                    ],
                    [
                        13,
                        0,
                        1,
                        128
                    ]
                ],
                "stats": {
                    "reconstructed_matrix": [
                        [
                            77.8993147074328,
                            8.34211913547707,
                            0.5666842382709542,
                            2.530311017395888,
                            89.3384290985767
                        ],
                        [
                            0.47443331576172904,
                            7.406431207169215,
                            0.0,
                            0.0,
                            7.880864522930944
                        ],
                        [
                            0.790722192936215,
                            0.02635740643120717,
                            0.02635740643120717,
                            0.06589351607801792,
                            0.9093305218766474
                        ],
                        [
                            0.1713231418028466,
                            0.0,
                            0.013178703215603585,
                            1.686874011597259,
                            1.871375856615709
                        ],
                        [
                            79.33579335793358,
                            15.774907749077492,
                            0.6062203479177649,
                            4.283078545071165,
                            100.0
                        ]
                    ],
                    "true_positive": 5911,
                    "true_negative": 700,
                    "false_positive": 868,
                    "false_negative": 109,
                    "true_percentage": 87.1244069583553,
                    "false_percentage": 12.875593041644702
                },
                "classes": {
                    "class_names": [
                        "0",
                        "1",
                        "2",
                        "3"
                    ],
                    "scores": [
                        {
                            "precision": 0.9818936877076412,
                            "recall": 0.8719575158577961,
                            "f1-score": 0.9236659113993281,
                            "support": 6779
                        },
                        {
                            "precision": 0.46950710108604843,
                            "recall": 0.939799331103679,
                            "f1-score": 0.626183844011142,
                            "support": 598
                        },
                        {
                            "precision": 0.043478260869565216,
                            "recall": 0.028985507246376812,
                            "f1-score": 0.034782608695652174,
                            "support": 69
                        },
                        {
                            "precision": 0.39384615384615385,
                            "recall": 0.9014084507042254,
                            "f1-score": 0.5481798715203426,
                            "support": 142
                        }
                    ]
                }
            },
            "a593db2f-2fe2-496f-8a25-32301fa45b96": {
                "scores": {
                    "accuracy": 0.9779486830463486,
                    "precision": 0.9780639672241044,
                    "recall": 0.9779486830463486,
                    "f1": 0.975607701288347
                },
                "model_class": "classification",
                "confusion_metrics": [
                    [
                        10231,
                        18,
                        3,
                        13
                    ],
                    [
                        40,
                        1359,
                        0,
                        0
                    ],
                    [
                        220,
                        12,
                        289,
                        12
                    ],
                    [
                        4,
                        0,
                        2,
                        2490
                    ]
                ],
                "stats": {
                    "reconstructed_matrix": [
                        [
                            69.6317974545702,
                            0.12250731640917444,
                            0.02041788606819574,
                            0.08847750629551487,
                            69.8632001633431
                        ],
                        [
                            0.27223848090927655,
                            9.24930238889267,
                            0.0,
                            0.0,
                            9.521540869801946
                        ],
                        [
                            1.4973116450010209,
                            0.08167154427278296,
                            1.9669230245695228,
                            0.08167154427278296,
                            3.6275777581161095
                        ],
                        [
                            0.027223848090927653,
                            0.0,
                            0.013611924045463826,
                            16.946845436602462,
                            16.987681208738852
                        ],
                        [
                            71.42857142857143,
                            9.453481249574628,
                            2.0009528346831824,
                            17.11699448717076,
                            99.99999999999999
                        ]
                    ],
                    "true_positive": 10231,
                    "true_negative": 4164,
                    "false_positive": 34,
                    "false_negative": 264,
                    "true_percentage": 97.97182331722588,
                    "false_percentage": 2.0281766827741103
                },
                "classes": {
                    "class_names": [
                        "0",
                        "1",
                        "2",
                        "3"
                    ],
                    "scores": [
                        {
                            "precision": 0.9748451643639828,
                            "recall": 0.996687773989284,
                            "f1-score": 0.985645472061657,
                            "support": 10265
                        },
                        {
                            "precision": 0.978401727861771,
                            "recall": 0.9714081486776269,
                            "f1-score": 0.9748923959827833,
                            "support": 1399
                        },
                        {
                            "precision": 0.9829931972789115,
                            "recall": 0.5422138836772983,
                            "f1-score": 0.6989117291414751,
                            "support": 533
                        },
                        {
                            "precision": 0.9900596421471173,
                            "recall": 0.9975961538461539,
                            "f1-score": 0.9938136100578727,
                            "support": 2496
                        }
                    ]
                }
            }
        },
        "training_dataset": "a593db2f-2fe2-496f-8a25-32301fa45b96",
        "model_type": "classification",
        "data_format": "csv",
        "status": "trained",
        "version_id": "33ed37ca-fccd-42e8-97a2-514cf1cbf716",
        "data_schema": {},
        "is_deleted": false,
        "is_enabled": true,
        "is_default": true,
        "is_published": true,
        "parent_version": "33ed37ca-fccd-42e8-97a2-514cf1cbf716",
        "model_id": "82eea1da-23bf-4070-a309-8360ff194682",
        "solution_id": "impoerasset",
        "_XpmsObjectMixin__api_version": "9.0",
        "_XpmsObjectMixin__type": "MLModelVersion",
        "created_by": "system",
        "cts": "2020-06-20T09:04:32.261823",
        "description": "",
        "modified_by": "system",
        "name": "base_version",
        "retraining_threshold": 1,
        "uts": "2020-09-06T07:32:30.958560"
    },
    "evaluation_datasets": [
        "a593db2f-2fe2-496f-8a25-32301fa45b96"
    ],
    "is_enabled": true,
    "category": "classification",
    "name": "default key value classifier",
    "description": "",
    "cts": "2020-06-20T09:04:32.267581",
    "is_deleted": false,
    "uts": "2020-09-06T07:32:32.594561",
    "created_by": "system",
    "modified_by": "system",
    "_XpmsObjectMixin__type": "MLModel",
    "_XpmsObjectMixin__api_version": "9.0",
    "is_default": true,
    "metadata": [],
    "model_type": "classification",
    "template": "",
    "template_id": "0bcc89e5-32ac-420a-ace5-17655aa90b67"
}
